RNN(
  (rnn): GRU(66, 256, num_layers=2, batch_first=True)
  (out): Sequential(
    (0): Linear(in_features=256, out_features=66, bias=True)
  )
)
  1 0.0011662 0.0074010 0
  2 0.0004953 0.0041669 0
  3 0.0002833 0.0027705 0
  4 0.0001712 0.0018927 0
  5 0.0001849 0.0014226 0
  6 0.0001110 0.0012770 0
  7 0.0000952 0.0011158 0
  8 0.0000737 0.0010300 0
  9 0.0000687 0.0009083 0
 10 0.0000560 0.0008619 0
 11 0.0000705 0.0008434 0
 12 0.0000702 0.0007410 0
 13 0.0001183 0.0008494 0
 14 0.0000305 0.0007091 1
 15 0.0000411 0.0006801 0
 16 0.0000624 0.0006827 0
 17 0.0000304 0.0006404 1
 18 0.0001126 0.0006245 0
 19 0.0000380 0.0005963 0
 20 0.0000311 0.0006037 0
 21 0.0000308 0.0005515 1
 22 0.0000286 0.0005465 0
 23 0.0000876 0.0006481 1
 24 0.0000228 0.0005177 2
 25 0.0000211 0.0004960 0
 26 0.0000450 0.0005463 0
 27 0.0000214 0.0004596 1
 28 0.0000181 0.0004448 0
 29 0.0000177 0.0004238 0
 30 0.0000202 0.0005862 0
 31 0.0000135 0.0005059 1
 32 0.0000194 0.0004843 2
 33 0.0000200 0.0004597 3
 34 0.0000130 0.0004407 4
 35 0.0000098 0.0004078 5
 36 0.0000102 0.0004001 0
 37 0.0000093 0.0003753 1
 38 0.0000141 0.0003611 0
 39 0.0000201 0.0003560 0
 40 0.0000124 0.0003413 1
 41 0.0000271 0.0003111 0
 42 0.0000158 0.0003051 0
 43 0.0000264 0.0003167 1
 44 0.0000117 0.0002893 2
 45 0.0000184 0.0003086 0
 46 0.0000210 0.0002954 1
 47 0.0000107 0.0002961 2
 48 0.0000207 0.0002752 3
 49 0.0000078 0.0002655 0
 50 0.0000095 0.0002547 1
 51 0.0000101 0.0002605 0
 52 0.0000082 0.0002737 1
 53 0.0000115 0.0002639 2
 54 0.0000090 0.0002501 3
 55 0.0000179 0.0002528 4
 56 0.0000172 0.0002478 5
 57 0.0000183 0.0002420 6
 58 0.0000099 0.0002360 0
 59 0.0000105 0.0002474 1
 60 0.0000158 0.0002433 2
 61 0.0000053 0.0002140 3
 62 0.0000104 0.0002062 0
 63 0.0000054 0.0002020 1
 64 0.0000094 0.0001944 0
 65 0.0000153 0.0001960 1
 66 0.0000090 0.0001953 2
 67 0.0000145 0.0001947 3
 68 0.0000069 0.0001919 4
 69 0.0000060 0.0001886 0
 70 0.0000072 0.0001870 1
 71 0.0000068 0.0001831 2
 72 0.0000067 0.0001793 3
 73 0.0000067 0.0001809 0
 74 0.0000069 0.0001852 1
 75 0.0000054 0.0001813 2
 76 0.0000310 0.0001899 3
 77 0.0000056 0.0001783 4
 78 0.0000151 0.0001856 5
 79 0.0000051 0.0001780 6
 80 0.0000068 0.0001759 7
 81 0.0000058 0.0001743 8
 82 0.0000139 0.0001723 9
Early Stopped at Epoch: 81
[Finished in 445.1s]