T,V 5000,1000
missing_rate 0.2

GRU(
  (gru): GRU(66, 256, batch_first=True)
  (out): Sequential(
    (0): Linear(in_features=256, out_features=66, bias=True)
  )
)
  1 0.0027978 0.0329438 0
  2 0.0013441 0.0230779 0
  3 0.0009319 0.0193228 0
  4 0.0006971 0.0174922 0
  5 0.0007065 0.0164275 0
  6 0.0005249 0.0147935 0
  7 0.0004411 0.0135363 0
  8 0.0003539 0.0125221 0
  9 0.0003737 0.0121870 0
 10 0.0002883 0.0113229 0
 11 0.0002711 0.0113120 0
 12 0.0002602 0.0106559 1
 13 0.0002372 0.0106451 0
 14 0.0002318 0.0100392 1
 15 0.0002508 0.0100413 0
 16 0.0002033 0.0096936 1
 17 0.0002106 0.0090965 0
 18 0.0001981 0.0091208 0
 19 0.0001874 0.0097819 1
 20 0.0001597 0.0091140 2
 21 0.0001433 0.0082219 3
 22 0.0001485 0.0081229 0
 23 0.0001511 0.0080168 1
 24 0.0001417 0.0079722 0
 25 0.0001395 0.0079035 1
 26 0.0001736 0.0079169 0
 27 0.0001518 0.0078362 1
 28 0.0001482 0.0077267 2
 29 0.0001373 0.0078197 0
 30 0.0001331 0.0077688 1
 31 0.0001500 0.0077319 2
 32 0.0001439 0.0075466 3
 33 0.0001363 0.0074129 0
 34 0.0001557 0.0073949 0
 35 0.0001234 0.0074338 1
 36 0.0001443 0.0072092 2
 37 0.0001371 0.0071590 0
 38 0.0001476 0.0072041 1
 39 0.0001285 0.0070749 2
 40 0.0001289 0.0070588 0
 41 0.0001196 0.0068389 1
 42 0.0001237 0.0068295 0
 43 0.0001258 0.0067887 1
 44 0.0001214 0.0067957 2
 45 0.0001253 0.0068329 3
 46 0.0001204 0.0067853 4
 47 0.0001136 0.0067479 5
 48 0.0001274 0.0067302 6
 49 0.0001092 0.0067300 0
 50 0.0001168 0.0066775 1
 51 0.0001241 0.0067587 2
 52 0.0001153 0.0067448 3
 53 0.0001151 0.0066487 4
 54 0.0001135 0.0066462 5
 55 0.0001121 0.0066078 6
 56 0.0000960 0.0066696 0
 57 0.0001122 0.0065547 1
 58 0.0001387 0.0066193 2
 59 0.0001139 0.0065495 3
 60 0.0001091 0.0065702 4
 61 0.0001346 0.0064510 5
 62 0.0001301 0.0064717 0
 63 0.0001109 0.0064276 1
 64 0.0000935 0.0064475 2
 65 0.0001273 0.0064348 3
 66 0.0001087 0.0064209 4
 67 0.0001057 0.0064201 5
 68 0.0001158 0.0064335 6
 69 0.0001217 0.0063846 7
 70 0.0001058 0.0063840 8
 71 0.0000861 0.0064114 9
Early Stopped at Epoch: 70
[Finished in 117.4s]