所花的训练时间增大，但当数据增加时，模型的性能提高的更快。
未使用dropout等正则化方法。

GRUD(
  (grud1): GRUD(in_features=66,out_features=2048)
  (grud2): GRUD(in_features=2048,out_features=2048)
  (grud3): GRUD(in_features=2048,out_features=2048)
  (grud4): GRUD(in_features=2048,out_features=2048)
  (out): Sequential(
    (0): Linear(in_features=2048, out_features=66, bias=True)
  )
)
  1 0.0009380 0.0068847 0
  2 0.0002959 0.0036673 0
  3 0.0001481 0.0022517 0
  4 0.0001000 0.0014827 0
  5 0.0000727 0.0011088 0
  6 0.0000558 0.0009087 0
  7 0.0000528 0.0007873 0
  8 0.0000486 0.0006864 0
  9 0.0000909 0.0006479 0
 10 0.0000374 0.0006110 1
 11 0.0000296 0.0005586 2
 12 0.0000306 0.0005880 0
 13 0.0000313 0.0005230 1
 14 0.0002413 0.0006129 2
 15 0.0000174 0.0004810 3
 16 0.0000294 0.0004717 4
 17 0.0000219 0.0004278 5
 18 0.0000174 0.0004272 0
 19 0.0000326 0.0004209 1
 20 0.0000359 0.0003837 2
 21 0.0000274 0.0003730 3
 22 0.0000283 0.0003363 4
 23 0.0000190 0.0003306 5
 24 0.0000117 0.0003333 6
 25 0.0000154 0.0003180 7
 26 0.0000242 0.0003185 0
 27 0.0000237 0.0003004 1
 28 0.0000154 0.0002919 2
 29 0.0000094 0.0002874 3
 30 0.0000104 0.0002741 4
 31 0.0000361 0.0003081 5
 32 0.0000210 0.0002670 6
 33 0.0000156 0.0002637 7
 34 0.0000206 0.0002752 8
 35 0.0000131 0.0002618 9
Early Stopped at Epoch: 34
[Finished in 3789.1s]