T,V 5000,1000
missing_rate 0.2

GRUD(
  (grud): GRUD(in_features=66, out_features=256)
  (out): Sequential(
    (0): Linear(in_features=256, out_features=66, bias=True)
  )
)
  1 0.0037212 0.0464170 0
  2 0.0017478 0.0251045 0
  3 0.0011885 0.0211097 0
  4 0.0008552 0.0190360 0
  5 0.0007814 0.0182231 0
  6 0.0006866 0.0174657 0
  7 0.0005951 0.0158228 0
  8 0.0004997 0.0141130 0
  9 0.0004224 0.0131414 0
 10 0.0004357 0.0128527 0
 11 0.0003152 0.0122001 0
 12 0.0002999 0.0118429 0
 13 0.0003167 0.0114033 0
 14 0.0002940 0.0109309 0
 15 0.0002574 0.0110631 0
 16 0.0002311 0.0102304 1
 17 0.0002439 0.0100517 0
 18 0.0002148 0.0098546 0
 19 0.0002178 0.0092991 0
 20 0.0002054 0.0093429 0
 21 0.0002077 0.0089773 1
 22 0.0002031 0.0088242 0
 23 0.0001715 0.0087254 0
 24 0.0001717 0.0086776 1
 25 0.0001891 0.0085977 0
 26 0.0001706 0.0086968 1
 27 0.0001832 0.0084106 2
 28 0.0001722 0.0083380 0
 29 0.0001627 0.0082715 1
 30 0.0001641 0.0082664 0
